eval_loss = 1.170721411705017
eval_pred_shape = (2496, 5)
eval_labels_shape = (2496,)
eval_pred_interpretation = multiclass_argmax
eval_y_pred_unique = [0, 1, 4]
eval_labels_unique = [0, 1, 2, 3, 4]
eval_observed_classes = [0, 1, 2, 3, 4]
eval_cm_labels = [0, 1, 2, 3, 4]
eval_n_classes = 5
eval_accuracy = 0.7840544871794872
eval_precision_micro = 0.7840544871794872
eval_recall_micro = 0.7840544871794872
eval_f1_micro = 0.7840544871794872
eval_precision_macro = 0.16776893243519087
eval_recall_macro = 0.19685630131834103
eval_f1_macro = 0.18079234936487543
eval_precision_weighted = 0.6588589916963692
eval_recall_weighted = 0.7840544871794872
eval_f1_weighted = 0.7159506465361334
eval_micro_minus_accuracy = 0.0
eval_cm_0_0 = 1955
eval_cm_0_1 = 66
eval_cm_0_2 = 0
eval_cm_0_3 = 0
eval_cm_0_4 = 6
eval_cm_1_0 = 94
eval_cm_1_1 = 2
eval_cm_1_2 = 0
eval_cm_1_3 = 0
eval_cm_1_4 = 5
eval_cm_2_0 = 199
eval_cm_2_1 = 1
eval_cm_2_2 = 0
eval_cm_2_3 = 0
eval_cm_2_4 = 1
eval_cm_3_0 = 10
eval_cm_3_1 = 0
eval_cm_3_2 = 0
eval_cm_3_3 = 0
eval_cm_3_4 = 1
eval_cm_4_0 = 156
eval_cm_4_1 = 0
eval_cm_4_2 = 0
eval_cm_4_3 = 0
eval_cm_4_4 = 0
eval_support_true_0 = 2027
eval_support_true_1 = 101
eval_support_true_2 = 201
eval_support_true_3 = 11
eval_support_true_4 = 156
eval_count_pred_0 = 2414
eval_count_pred_1 = 69
eval_count_pred_2 = 0
eval_count_pred_3 = 0
eval_count_pred_4 = 13
eval_never_predicted_classes = [2, 3]
eval_majority_class = 0
eval_majority_baseline_accuracy = 0.8120993589743589
eval_beats_majority_baseline = False
eval_tp_micro_sum = 1957
eval_fp_micro_sum = 539
eval_fn_micro_sum = 539
eval_tn_micro_sum = 9445
eval_tp_0 = 1955
eval_fp_0 = 459
eval_fn_0 = 72
eval_tn_0 = 10
eval_tp_1 = 2
eval_fp_1 = 67
eval_fn_1 = 99
eval_tn_1 = 2328
eval_tp_2 = 0
eval_fp_2 = 0
eval_fn_2 = 201
eval_tn_2 = 2295
eval_tp_3 = 0
eval_fp_3 = 0
eval_fn_3 = 11
eval_tn_3 = 2485
eval_tp_4 = 0
eval_fp_4 = 13
eval_fn_4 = 156
eval_tn_4 = 2327
eval_precision_0 = 0.8098591549295775
eval_recall_0 = 0.9644795263936853
eval_f1_0 = 0.8804323350596712
eval_precision_1 = 0.028985507246376812
eval_recall_1 = 0.019801980198019802
eval_f1_1 = 0.023529411764705882
eval_precision_2 = 0.0
eval_recall_2 = 0.0
eval_f1_2 = 0.0
eval_precision_3 = 0.0
eval_recall_3 = 0.0
eval_f1_3 = 0.0
eval_precision_4 = 0.0
eval_recall_4 = 0.0
eval_f1_4 = 0.0
