eval_loss = 0.7025585174560547
eval_pred_shape = (28604, 2)
eval_labels_shape = (28604,)
eval_pred_interpretation = multiclass_argmax
eval_y_pred_unique = [0, 1]
eval_labels_unique = [0, 1]
eval_observed_classes = [0, 1]
eval_cm_labels = [0, 1]
eval_n_classes = 2
eval_accuracy = 0.5332820584533632
eval_precision_micro = 0.5332820584533632
eval_recall_micro = 0.5332820584533632
eval_f1_micro = 0.5332820584533632
eval_precision_macro = 0.49826608767795977
eval_recall_macro = 0.4981600524671639
eval_f1_macro = 0.49681908582658796
eval_precision_weighted = 0.5496400480049614
eval_recall_weighted = 0.5332820584533632
eval_f1_weighted = 0.5401863459974979
eval_micro_minus_accuracy = 0.0
eval_cm_0_0 = 3777
eval_cm_0_1 = 5946
eval_cm_1_0 = 7404
eval_cm_1_1 = 11477
eval_support_true_0 = 9723
eval_support_true_1 = 18881
eval_count_pred_0 = 11181
eval_count_pred_1 = 17423
eval_never_predicted_classes = []
eval_majority_class = 1
eval_majority_baseline_accuracy = 0.6600825059432247
eval_beats_majority_baseline = False
eval_tp = 11477
eval_fp = 5946
eval_tn = 3777
eval_fn = 7404
eval_precision_0 = 0.3378052052589214
eval_recall_0 = 0.38846035174328913
eval_f1_0 = 0.3613662456946039
eval_precision_1 = 0.6587269700969982
eval_recall_1 = 0.6078597531910386
eval_f1_1 = 0.632271925958572
