eval_loss = 0.7067821025848389
eval_accuracy = 0.5420560747663551
eval_precision_micro = 0.5420560747663551
eval_recall_micro = 0.5420560747663551
eval_f1_micro = 0.5420560747663551
eval_precision_macro = 0.5160869565217392
eval_recall_macro = 0.5078272642653654
eval_f1_macro = 0.45088206584806934
eval_precision_weighted = 0.519527021535961
eval_recall_weighted = 0.5420560747663551
eval_f1_weighted = 0.47221176518216373
eval_cm_0_0 = 36
eval_cm_0_1 = 206
eval_cm_1_0 = 39
eval_cm_1_1 = 254
eval_tp = 254
eval_fp = 206
eval_tn = 36
eval_fn = 39
