eval_loss = 0.6582692265510559
eval_accuracy = 0.6933333333333334
eval_precision_micro = 0.6933333333333334
eval_recall_micro = 0.6933333333333334
eval_f1_micro = 0.6933333333333334
eval_precision_macro = 0.5321637426900585
eval_recall_macro = 0.5409429280397022
eval_f1_macro = 0.5323936026023313
eval_precision_weighted = 0.7346588693957115
eval_recall_weighted = 0.6933333333333334
eval_f1_weighted = 0.7116219390982199
eval_cm_0_0 = 4
eval_cm_0_1 = 9
eval_cm_1_0 = 14
eval_cm_1_1 = 48
eval_tp = 48
eval_fp = 9
eval_tn = 4
eval_fn = 14
