eval_loss = 1.1592365503311157
eval_accuracy = 0.7732516861909833
eval_precision_micro = 0.7732516861909833
eval_recall_micro = 0.7732516861909833
eval_f1_micro = 0.7732516861909833
eval_precision_macro = 0.13706685570290486
eval_recall_macro = 0.16528497430654002
eval_f1_macro = 0.1478164339916367
eval_precision_weighted = 0.6185108013439634
eval_recall_weighted = 0.7732516861909833
eval_f1_weighted = 0.68676947407147
eval_cm_0_0 = 8709
eval_cm_0_1 = 7
eval_cm_0_2 = 0
eval_cm_0_3 = 45
eval_cm_0_4 = 8
eval_cm_0_5 = 91
eval_cm_1_0 = 544
eval_cm_1_1 = 0
eval_cm_1_2 = 0
eval_cm_1_3 = 0
eval_cm_1_4 = 0
eval_cm_1_5 = 2
eval_cm_2_0 = 1083
eval_cm_2_1 = 0
eval_cm_2_2 = 0
eval_cm_2_3 = 1
eval_cm_2_4 = 0
eval_cm_2_5 = 7
eval_cm_3_0 = 115
eval_cm_3_1 = 0
eval_cm_3_2 = 0
eval_cm_3_3 = 0
eval_cm_3_4 = 0
eval_cm_3_5 = 0
eval_cm_4_0 = 195
eval_cm_4_1 = 0
eval_cm_4_2 = 0
eval_cm_4_3 = 2
eval_cm_4_4 = 0
eval_cm_4_5 = 2
eval_cm_5_0 = 453
eval_cm_5_1 = 0
eval_cm_5_2 = 0
eval_cm_5_3 = 0
eval_cm_5_4 = 0
eval_cm_5_5 = 4
eval_tp_micro_sum = 8713
eval_fp_micro_sum = 2555
eval_fn_micro_sum = 2555
eval_tn_micro_sum = 53785
eval_tp_0 = 8709
eval_fp_0 = 2390
eval_fn_0 = 151
eval_tn_0 = 18
eval_tp_1 = 0
eval_fp_1 = 7
eval_fn_1 = 546
eval_tn_1 = 10715
eval_tp_2 = 0
eval_fp_2 = 0
eval_fn_2 = 1091
eval_tn_2 = 10177
eval_tp_3 = 0
eval_fp_3 = 48
eval_fn_3 = 115
eval_tn_3 = 11105
eval_tp_4 = 0
eval_fp_4 = 8
eval_fn_4 = 199
eval_tn_4 = 11061
eval_tp_5 = 4
eval_fp_5 = 102
eval_fn_5 = 453
eval_tn_5 = 10709
eval_precision_0 = 0.7846652851608253
eval_recall_0 = 0.9829571106094808
eval_f1_0 = 0.872689012475575
eval_precision_1 = 0.0
eval_recall_1 = 0.0
eval_f1_1 = 0.0
eval_precision_2 = 0.0
eval_recall_2 = 0.0
eval_f1_2 = 0.0
eval_precision_3 = 0.0
eval_recall_3 = 0.0
eval_f1_3 = 0.0
eval_precision_4 = 0.0
eval_recall_4 = 0.0
eval_f1_4 = 0.0
eval_precision_5 = 0.03773584905660377
eval_recall_5 = 0.0087527352297593
eval_f1_5 = 0.014209591474245114
