eval_loss = 0.774079442024231
eval_pred_shape = (1391, 2)
eval_labels_shape = (1391,)
eval_pred_interpretation = multiclass_argmax
eval_y_pred_unique = [0, 1]
eval_labels_unique = [0, 1]
eval_observed_classes = [0, 1]
eval_cm_labels = [0, 1]
eval_n_classes = 2
eval_accuracy = 0.3767074047447879
eval_precision_micro = 0.3767074047447879
eval_recall_micro = 0.3767074047447879
eval_f1_micro = 0.3767074047447879
eval_precision_macro = 0.4803200442967885
eval_recall_macro = 0.445796986518636
eval_f1_macro = 0.3247062380836392
eval_precision_weighted = 0.806743151074818
eval_recall_weighted = 0.3767074047447879
eval_f1_weighted = 0.4770723507617718
eval_micro_minus_accuracy = 0.0
eval_cm_0_0 = 455
eval_cm_0_1 = 806
eval_cm_1_0 = 61
eval_cm_1_1 = 69
eval_support_true_0 = 1261
eval_support_true_1 = 130
eval_count_pred_0 = 516
eval_count_pred_1 = 875
eval_never_predicted_classes = []
eval_majority_class = 0
eval_majority_baseline_accuracy = 0.9065420560747663
eval_beats_majority_baseline = False
eval_tp = 69
eval_fp = 806
eval_tn = 455
eval_fn = 61
eval_precision_0 = 0.8817829457364341
eval_recall_0 = 0.36082474226804123
eval_f1_0 = 0.5120990433314575
eval_precision_1 = 0.07885714285714286
eval_recall_1 = 0.5307692307692308
eval_f1_1 = 0.13731343283582093
